info {
bg:0;
}

tiles {
0,0,0,0,0,0,0,0,0,0,0,0,0,0,0,0,0,0,0,6,14,14,14,14,14,14,14,8,17,17,17,17,17,17,17
0,17,17,17,17,17,0,0,0,0,0,0,0,0,0,0,0,0,0,11,15,13,13,13,13,13,15,12,17,17,17,17,17,17,17
0,17,17,17,17,17,0,0,0,0,0,0,0,0,0,0,0,0,0,11,12,0,0,0,0,0,11,12,17,17,6,14,14,14,8
0,17,17,17,17,17,0,0,0,0,0,0,0,0,0,0,0,0,0,11,12,0,0,0,0,0,11,15,14,14,15,15,15,15,12
0,17,17,17,6,8,0,0,0,0,0,0,0,0,0,0,0,0,0,11,12,0,6,14,14,14,15,15,15,15,15,15,15,15,12
0,17,17,17,11,12,0,0,0,0,0,0,0,0,0,0,0,0,0,11,12,0,11,15,15,13,13,13,13,13,13,13,13,13,7
0,17,17,17,11,12,0,0,0,0,0,0,0,0,0,0,0,0,0,11,12,0,11,15,12,0,1,18,1,18,1,17,17,17,17
0,17,17,17,11,12,0,0,0,0,0,0,0,0,0,0,0,0,0,11,12,0,11,15,12,0,2,6,14,8,1,17,17,17,17
0,17,17,17,11,12,0,0,0,0,0,0,0,0,0,0,0,0,0,11,12,0,11,15,15,14,14,15,15,15,14,14,14,14,8
0,17,17,17,11,15,14,14,14,14,14,14,14,14,14,14,14,14,14,15,12,0,11,15,15,15,15,15,15,15,15,15,15,15,12
0,17,17,17,11,15,15,13,13,13,13,15,15,13,13,13,13,13,15,15,7,0,11,15,13,13,13,13,13,13,13,13,13,15,12
0,17,17,17,11,15,12,1,18,0,0,11,12,0,0,0,0,0,11,12,1,0,11,12,1,1,1,1,1,1,0,0,0,11,12
0,17,17,17,11,15,15,14,8,0,0,11,12,0,0,0,0,0,11,12,1,0,11,12,0,0,0,0,0,0,0,0,0,11,12
0,17,17,17,9,13,13,13,7,0,0,11,12,0,0,0,0,0,11,12,1,0,11,12,0,0,0,0,0,0,0,0,0,11,12
0,17,17,17,17,17,4,17,17,14,14,15,15,14,14,14,14,14,15,15,14,14,15,15,14,14,14,14,14,14,14,14,14,15,12
0,17,17,17,17,17,17,17,17,13,13,15,15,13,13,13,13,13,13,13,13,13,15,15,13,13,13,13,13,13,13,13,13,13,7
0,17,17,17,17,17,17,17,17,0,0,35,35,0,0,0,0,0,0,0,0,0,11,12,0,0,0,0,0,0,0,0,0,0,0
0,17,17,17,17,17,17,17,17,17,38,38,38,0,0,0,0,0,0,0,0,0,11,15,14,14,8,0,0,0,0,0,0,0,0
0,17,17,17,17,17,17,17,17,17,38,38,38,0,0,0,0,39,39,39,43,14,15,15,15,15,12,0,0,0,0,0,0,0,0
0,17,17,17,17,17,17,17,17,0,0,0,0,0,0,0,0,39,39,39,43,13,13,13,13,13,7,0,0,0,0,0,0,0,0
0,17,17,17,17,17,17,17,17,0,0,0,0,0,0,0,0,39,39,0,0,4,4,4,4,17,17,0,0,0,0,0,0,0,0
0,0,39,39,39,0,0,0,0,0,0,0,0,0,0,0,0,39,39,0,0,17,17,17,17,17,17,0,0,0,0,0,0,0,0
0,0,39,39,39,0,0,0,0,0,0,0,0,0,0,0,0,39,39,0,0,17,17,17,17,17,17,0,0,0,0,0,0,0,0
0,0,39,39,39,0,0,0,0,0,0,0,0,0,0,0,0,39,39,0,0,17,17,17,17,17,17,0,0,0,0,0,0,0,0
0,0,39,39,39,0,0,0,0,0,0,0,0,0,0,0,0,39,39,0,0,17,17,17,17,17,17,0,0,0,0,0,0,0,0
0,0,39,39,39,0,0,0,0,0,0,0,0,0,0,0,0,39,39,0,0,17,17,17,17,17,17,0,0,0,0,0,0,0,0
0,0,39,39,39,0,0,0,0,0,0,0,0,0,0,0,0,39,39,39,39,17,17,17,17,17,17,0,0,0,0,0,0,0,0
0,0,39,39,39,0,0,0,0,0,0,0,0,0,0,0,0,39,39,39,39,17,17,17,17,17,17,0,0,0,0,0,0,0,0
0,39,39,39,39,39,39,0,0,0,0,0,0,0,0,0,0,39,39,0,0,17,17,17,17,17,17,0,0,0,0,0,0,0,0
0,40,39,39,39,39,39,0,0,0,0,0,0,0,0,0,0,35,35,0,0,17,17,17,17,17,17,0,0,0,0,0,0,0,0
0,39,39,39,39,39,39,39,39,39,39,39,39,39,39,39,39,39,39,0,0,17,17,17,17,17,17,0,0,0,0,0,0,0,0
0,40,39,39,39,39,39,39,39,39,39,39,39,39,39,39,39,39,39,39,17,17,17,17,17,17,17,0,0,0,0,0,0,0,0
0,39,39,39,39,39,39,39,39,39,39,39,39,39,39,39,39,39,39,39,17,17,17,17,17,17,17,0,0,0,0,0,0,0,0
}

collision {
(32,672),(32,32),(32,672)
(64,672),(32,672),(64,672)
(64,672),(64,896),(64,672)
(64,896),(32,896),(64,896)
(160,896),(224,896),(160,896)
(160,896),(160,896)
(288,608),(288,608)
(608,288),(608,0),(608,0),(608,288)
(192,32),(192,128),(192,32)
(192,128),(192,128)
(128,448),(128,128),(128,448)
(128,448),(192,448),(128,448)
(352,448),(224,448),(352,448)
(352,448),(352,352),(352,448)
(192,128),(192,128)
(224,448),(224,448)
(192,448),(192,448)
(608,288),(608,288)
(416,352),(576,352),(416,352)
(416,448),(416,352),(416,448)
(576,352),(576,448),(576,352)
(416,448),(576,448),(416,448)
(352,544),(352,544)
(352,544),(288,544),(352,544)
(288,544),(288,544)
(640,448),(640,352),(640,448)
(640,448),(704,448),(640,448)
(672,64),(672,352),(672,64)
(608,0),(608,0),(608,0)
(608,288),(608,288)
(544,960),(544,960)
(224,896),(224,896)
(672,64),(832,64),(672,64)
(704,128),(832,128),(704,128)
(832,64),(832,128),(832,64)
(1120,192),(1120,192)
(1120,192),(1120,64),(1120,192)
(1120,64),(960,64),(1120,64)
(608,832),(608,640),(608,832)
(864,544),(768,544),(864,544)
(768,544),(768,512),(768,544)
(768,512),(768,512)
(960,256),(960,256)
(768,512),(768,512)
(960,256),(960,256)
(192,32),(32,32),(192,32)
(32,1056),(32,1056)
(32,1056),(32,896),(32,1056)
(608,896),(608,992),(608,896)
(608,992),(608,992)
(864,256),(864,256)
(960,224),(864,224),(960,224)
(960,256),(960,224),(960,256)
(864,256),(864,224),(864,256)
(960,256),(1120,256),(960,256)
(768,512),(1120,512),(768,512)
(1056,448),(768,448),(1056,448)
(1056,448),(1056,352),(1056,448)
(1056,352),(768,352),(1056,352)
(768,448),(768,352),(768,448)
(1120,512),(1120,256),(1120,512)
(608,640),(608,640)
(960,64),(960,96),(960,64)
(896,96),(896,96)
(896,0),(608,0),(896,0)
(896,0),(896,96),(896,0)
(896,96),(960,96),(896,96)
(704,576),(704,576)
(192,128),(192,128)
(608,640),(608,640)
(704,576),(544,576),(704,576)
(704,128),(704,448),(704,128)
(1120,192),(800,192),(1120,192)
(800,256),(800,192),(800,256)
(352,544),(352,512),(352,544)
(416,608),(416,512),(416,608)
(864,256),(800,256),(864,256)
(192,128),(192,128)
(864,1056),(32,1056),(864,1056)
(1056,512),(1056,512)
(608,992),(608,992)
(224,896),(224,960),(224,896)
(544,960),(224,960),(544,960)
(544,576),(544,960),(544,576)
(672,352),(640,352),(672,352)
(224,384),(224,352),(224,384)
(224,384),(224,384)
(224,352),(224,352)
(864,544),(864,1056),(864,544)
(672,640),(672,640)
(608,992),(672,992),(608,992)
(672,640),(608,640),(672,640)
(864,640),(800,640),(864,640)
(608,896),(672,896),(608,896)
(672,896),(672,992),(672,896)
(608,832),(672,832),(608,832)
(672,640),(672,832),(672,640)
(288,608),(416,608),(288,608)
(608,288),(192,288),(608,288)
(192,288),(192,128),(192,288)
(352,352),(224,352),(352,352)
(288,512),(352,512),(288,512)
(288,544),(288,512),(288,544)
(288,448),(288,448)
(224,384),(288,384),(224,384)
(288,384),(288,384)
(288,448),(288,448)
(704,576),(704,512),(704,576)
(416,512),(704,512),(416,512)
(288,448),(288,384),(288,448)
(160,896),(160,672),(160,896)
(288,608),(288,672),(288,608)
(288,672),(160,672),(288,672)
}

spawns {
(0,128,928);(0,192,992);(0,96,1024);(0,160,1024);(0,64,928);(0,64,992);(0,128,992);(0,192,928);(0,112,720);(0,112,800);(0,112,864);(0,240,1024);(1,944,304);(1,944,272);(1,848,272);(1,848,304);(1,992,96);(1,1072,96);(1,1072,160);(1,992,160);(1,768,272);(1,1040,288);(1,768,192);(1,1088,288);(1,768,320);(1,1032,128)
}

waypoints {
(736,288);(736,160);(864,32);(656,16);(1088,480);(160,320);(208,464);(384,480);(608,480);(624,320);(736,480);(736,608);(576,608);(736,1024);(112,1008);(112,656);(288,576);(576,1024);(576,864);(160,96);(864,160);(80,96);(640,192);(384,320);(1088,320);(192,384);(976,144)
}

guns {
(24,144,432);(24,272,432);(18,336,976);(17,240,976);(24,272,976);(13,304,976);(11,368,976);(17,1104,80);(18,1104,112);(13,1104,144);(11,1104,176);(24,1088,448);(24,1088,352);(18,992,96);(18,1072,96);(18,1072,160);(18,992,160);(18,944,272);(18,944,304);(18,1040,288);(18,1088,288);(18,848,272);(18,848,304);(18,768,272);(18,768,192);(17,112,720);(17,112,800);(17,64,928);(17,64,992);(17,96,1024);(17,160,1024);(17,192,992);(17,128,992);(17,128,928);(17,192,928);(17,240,1024);(17,112,864);(18,768,320);(18,1032,128);(23,160,192)
}
