info {
bg:98;
}

tiles {
98,98,98,98,98,98,85,76,73,57,88,77,18,39,6,22,19,9,98,98,98,98,98,98
98,98,98,98,54,81,50,97,97,97,97,97,97,97,97,97,97,13,46,9,98,98,98,98
98,98,98,67,93,97,97,97,97,97,97,97,97,97,97,97,97,97,97,34,28,98,98,98
98,98,27,23,97,97,97,97,97,97,97,96,96,97,97,97,97,97,97,97,72,68,98,98
98,10,33,97,97,97,97,97,97,97,97,98,98,97,97,97,97,97,97,97,97,94,53,98
98,45,97,97,97,97,97,97,97,97,97,98,98,97,97,97,97,97,97,97,97,97,82,98
43,15,97,97,97,97,97,97,97,97,97,98,98,97,97,97,97,97,97,97,97,97,48,84
2,97,97,97,97,97,97,97,97,97,97,98,98,97,97,97,97,97,97,97,97,97,97,61
21,97,97,97,97,97,97,97,97,97,97,98,98,97,97,97,97,97,97,97,97,97,97,74
4,97,97,97,97,97,97,97,97,97,97,98,98,97,97,97,97,97,97,97,97,97,97,59
38,97,97,97,97,97,97,97,97,97,96,98,98,96,97,97,97,97,97,97,97,97,97,89
35,97,97,96,98,98,98,98,98,98,98,98,98,98,98,98,98,98,98,98,96,97,97,92
79,97,97,96,98,98,98,98,98,98,98,98,98,98,98,98,98,98,98,98,96,97,97,16
91,97,97,97,97,97,97,97,97,97,96,98,98,96,97,97,97,97,97,97,97,97,97,36
58,97,97,97,97,97,97,97,97,97,97,98,98,97,97,97,97,97,97,97,97,97,97,5
75,97,97,97,97,97,97,97,97,97,97,98,98,97,97,97,97,97,97,97,97,97,97,20
62,97,97,97,97,97,97,97,97,97,97,98,98,97,97,97,97,97,97,97,97,97,97,1
87,51,97,97,97,97,97,97,97,97,97,98,98,97,97,97,97,97,97,97,97,97,12,40
98,83,97,97,97,97,97,97,97,97,97,98,98,97,97,97,97,97,97,97,97,97,44,98
98,56,95,97,97,97,97,97,97,97,97,98,98,97,97,97,97,97,97,97,97,32,40,98
98,98,65,25,97,97,97,97,97,97,97,96,96,97,97,97,97,97,97,97,70,30,98,98
98,98,98,29,47,97,97,97,97,97,97,97,97,97,97,97,97,97,97,80,66,98,98,98
98,98,98,98,8,31,11,97,97,97,97,97,97,97,97,97,97,52,64,55,98,98,98,98
98,98,98,98,98,98,87,0,14,3,37,17,78,90,60,49,63,86,98,98,98,98,98,98
}

collision {
(0,0),(384,0),(0,32),(352,0),(0,64),(320,0),(0,96),(288,0),(0,128),(256,0),(0,160),(224,0),(0,192),(192,0),(0,224),(160,0),(0,256),(128,0),(0,288),(96,0),(0,320),(64,0),(0,352),(32,0),(0,384),(0,0)
(768,0),(768,384),(736,0),(768,352),(704,0),(768,320),(672,0),(768,288),(640,0),(768,256),(608,0),(768,224),(576,0),(768,192),(544,0),(768,160),(512,0),(768,128),(480,0),(768,96),(448,0),(768,64),(416,0),(768,32),(384,0),(768,0)
(768,768),(384,768),(768,736),(416,768),(768,704),(448,768),(768,672),(480,768),(768,640),(512,768),(768,608),(544,768),(768,576),(576,768),(768,544),(608,768),(768,512),(640,768),(768,480),(672,768),(768,448),(704,768),(768,416),(736,768),(768,384),(768,768)
(0,768),(0,384),(32,768),(0,416),(64,768),(0,448),(96,768),(0,480),(128,768),(0,512),(160,768),(0,544),(192,768),(0,576),(224,768),(0,608),(256,768),(0,640),(288,768),(0,672),(320,768),(0,704),(352,768),(0,736),(384,768),(0,768)
(352,448),(352,640),(352,448)
(640,416),(448,416),(640,416)
(320,352),(128,352),(320,352)
(352,128),(352,320),(352,128)
(128,416),(320,416),(128,416)
(416,640),(416,448),(416,640)
(416,128),(416,320),(416,128)
(640,352),(448,352),(640,352)
}

spawns {
(0,320,128);(0,320,288);(0,256,256);(0,288,320);(0,288,224);(0,192,96);(0,224,288);(0,288,96);(0,160,320);(0,128,128);(0,96,288);(0,256,160);(0,160,256);(0,192,192);(0,96,192);(1,480,448);(1,448,480);(1,672,576);(1,576,576);(1,512,512);(1,576,672);(1,480,544);(1,448,640);(1,544,480);(1,672,480);(1,480,672);(1,512,608);(1,640,448);(1,608,512);(1,640,640)
}

waypoints {
(544,96);(224,96);(544,672);(672,224);(672,544);(608,608);(192,576);(160,160);(576,192);(224,672);(32,384);(736,384);(384,32);(384,736);(672,384);(96,384);(384,96);(384,384);(320,64);(64,320);(64,448);(320,704);(448,704);(704,448);(704,320);(448,64);(96,544);(128,224);(384,384);(384,672);(320,448);(320,320);(448,320);(448,448);(256,512);(544,544);(224,224);(512,256);(544,384);(224,384);(384,224);(384,544)
}

guns {
(17,320,128);(18,576,576);(17,256,160);(17,192,192);(17,160,256);(17,96,288);(17,160,320);(17,288,96);(18,608,512);(18,448,640);(18,512,608);(18,480,672);(18,640,448);(18,672,480);(24,480,448);(24,448,480);(23,512,512);(13,576,672);(13,640,640);(13,672,576);(23,256,256);(24,288,320);(24,320,288);(11,128,128);(11,192,96);(11,96,192);(17,224,288);(17,288,224);(13,544,480);(13,480,544);(24,384,384);(23,384,160);(23,608,384);(23,384,608);(23,160,384);(11,384,192);(11,192,384);(11,384,576);(11,576,384)
}
