info {
bg:8;
}

tiles {
8,8,8,8,8,8,8,8,8,8,8,8,8,8,8,8,8,8,8,8
8,8,8,8,8,8,8,8,8,8,8,8,8,8,8,8,8,8,3,8
8,8,8,8,8,8,8,6,3,3,7,8,4,5,8,8,8,8,3,8
8,8,8,8,4,5,8,8,8,8,8,4,3,3,5,8,8,8,3,8
8,8,8,6,3,3,5,8,8,8,8,6,3,3,3,5,8,8,3,8
8,8,8,8,6,3,3,5,8,8,8,8,6,3,3,3,5,8,3,8
8,8,3,8,8,6,3,3,5,8,8,8,8,6,3,3,7,8,3,8
8,8,8,8,8,8,6,3,3,5,8,8,8,8,6,7,8,8,8,8
8,8,8,8,8,8,8,6,3,3,5,8,8,8,8,8,8,8,4,8
8,8,4,3,3,5,8,8,6,3,3,5,8,8,8,8,8,4,3,8
8,8,6,3,3,7,8,8,8,6,3,3,5,8,8,8,4,3,3,8
8,8,8,8,8,8,8,8,8,8,3,3,3,5,8,8,6,3,3,8
8,8,8,8,8,8,8,8,8,8,3,3,3,3,5,8,8,6,3,8
8,8,8,8,6,3,3,3,8,8,6,3,3,3,7,8,8,8,8,8
8,8,8,8,4,3,3,3,8,8,8,8,3,7,8,8,8,8,8,8
8,8,8,4,3,3,3,3,8,8,8,8,7,8,8,4,8,8,8,8
8,8,4,3,3,3,3,3,8,3,8,8,8,8,4,3,8,8,8,8
8,8,8,8,8,8,8,6,8,8,8,8,8,4,3,3,8,8,8,8
8,8,8,3,8,8,8,8,8,8,8,8,8,8,8,8,8,8,8,8
8,8,8,8,8,8,8,8,8,8,8,8,8,8,8,8,8,8,8,8
}

collision {
(0,640),(640,640),(640,0),(0,0),(0,640)
(128,128),(96,128),(320,352),(320,416),(352,448),(384,448),(384,512),(480,416),(160,96),(128,128)
(224,64),(224,64)
(352,64),(320,96),(256,96),(224,64),(352,64)
(480,256),(544,192),(416,64),(352,128),(480,256)
(128,416),(160,448),(64,544),(224,544),(256,576),(256,512),(256,416),(128,416)
(160,288),(192,320),(160,352),(96,352),(64,320),(96,288),(160,288)
(512,576),(512,480),(416,576),(512,576)
(608,416),(576,416),(512,352),(608,256),(608,416)
(608,32),(576,32),(576,224),(608,224),(608,32)
(96,608),(128,608),(128,576),(96,576),(96,608)
(288,544),(320,544),(320,512),(288,512),(288,544)
(64,224),(96,224),(96,192),(64,192),(64,224)
}

spawns {
(0,544,544);(0,544,608);(0,608,544);(0,608,608);(1,32,32);(1,96,32);(1,96,96);(1,32,96)
}

waypoints {
(576,480);(456,320);(304,144);(624,240);(560,256);(560,48);(592,16);(624,48);(624,448);(624,240);(512,432);(368,592);(368,480);(272,480);(272,368);(48,384);(48,256);(160,240);(64,128);(160,32);(400,32);(272,592);(160,560);(48,560);(160,624);(48,624)
}

guns {
(23,544,544);(23,544,608);(23,608,608);(23,608,544);(23,32,96);(23,96,96);(23,96,32);(23,32,32)
}
