info {
bg:0;
}

tiles {
0,0,0,0,0,0,0,0,0,0,0,0,0,0,126,126,126,126,126,126,126,126,126,126
0,0,0,0,0,0,0,0,0,0,0,0,0,0,15,127,127,127,127,122,123,124,125,126
0,0,0,0,0,0,0,0,0,0,0,0,0,0,126,127,127,127,127,127,128,129,130,131
0,0,15,15,15,15,15,15,15,15,15,15,15,15,15,127,127,127,127,132,133,134,135,126
0,0,15,3,4,5,6,7,27,3,4,5,6,7,15,127,127,127,127,122,123,124,125,126
0,0,15,8,9,10,11,12,27,8,9,10,11,12,15,127,127,127,127,127,128,129,130,131
0,0,15,13,14,15,16,17,27,13,14,15,16,17,15,127,127,127,127,132,133,134,135,126
0,0,15,76,19,20,21,74,27,76,19,20,21,74,15,127,127,127,127,122,123,124,125,126
0,15,15,76,77,77,77,74,27,77,77,77,77,74,15,15,138,138,15,15,15,129,130,131
15,15,15,76,4,5,6,4,5,6,4,5,6,12,95,15,30,31,32,33,15,134,135,126
15,20,21,82,9,10,11,9,10,11,9,10,11,6,95,34,35,36,37,38,15,124,125,126
15,77,78,13,14,15,15,15,15,15,15,15,16,17,100,39,40,41,42,43,15,129,130,131
15,4,5,6,19,20,21,19,20,21,19,20,21,48,100,44,45,46,47,48,15,134,135,126
15,9,10,11,76,77,78,77,77,78,76,77,78,48,95,49,50,51,52,53,15,124,125,126
15,45,15,21,4,5,4,6,15,5,5,5,5,5,15,15,15,15,15,15,15,129,130,131
15,35,15,60,61,62,63,64,15,8,61,62,63,6,5,6,7,15,15,15,15,134,135,126
15,40,15,65,66,67,68,69,15,65,66,67,68,9,10,11,12,15,15,122,123,124,125,126
15,45,15,70,71,72,73,74,15,70,71,72,73,19,15,47,43,137,137,127,128,129,130,131
15,63,15,75,76,77,78,79,15,75,76,77,78,79,15,76,77,137,137,132,133,134,135,126
15,42,15,15,15,15,15,15,15,15,15,15,15,15,15,76,77,15,15,122,123,124,125,136
15,47,48,5,5,5,70,19,20,21,6,5,5,5,5,5,5,15,15,127,128,129,130,131
15,75,76,8,9,10,11,12,77,74,8,9,10,11,12,78,79,15,15,132,133,134,135,136
15,15,15,15,15,15,15,15,15,15,15,15,15,15,15,15,15,15,15,15,15,15,15,15
0,0,0,0,0,0,0,0,0,0,0,0,0,0,0,0,0,0,0,0,0,0,0,0
}

collision {
(192,224),(160,224),(160,192),(192,192),(192,224)
(352,224),(384,224),(384,192),(352,192),(352,224)
(544,384),(576,384),(576,352),(544,352),(544,384)
(160,352),(160,384),(384,384),(384,352),(160,352)
(352,544),(384,544),(384,512),(352,512),(352,544)
(192,512),(160,512),(160,544),(192,544),(192,512)
(96,608),(256,608),(256,448),(288,448),(288,608),(448,608),(448,544),(480,544),(480,640),(64,640),(64,448),(96,448),(96,608)
(640,288),(640,448),(448,448),(448,480),(544,480),(544,544),(608,544),(608,512),(672,512),(672,256),(576,256),(576,288),(640,288)
(480,256),(480,32),(736,32),(736,64),(768,64),(768,0),(448,0),(448,96),(64,96),(64,256),(32,256),(32,288),(0,288),(0,736),(768,736),(768,672),(736,672),(736,704),(608,704),(608,608),(544,608),(544,704),(32,704),(32,320),(96,320),(96,128),(256,128),(256,288),(288,288),(288,128),(448,128),(448,288),(512,288),(512,256),(480,256)
(736,256),(768,256),(768,192),(736,192),(736,256)
(736,352),(768,352),(768,288),(736,288),(736,352)
(736,448),(768,448),(768,384),(736,384),(736,448)
(736,544),(768,544),(768,480),(736,480),(736,544)
(736,640),(768,640),(768,576),(736,576),(736,640)
(768,64),(768,64)
(736,160),(768,160),(768,96),(736,96),(736,160)
(768,672),(768,64),(768,672)
}

spawns {
(0,400,144);(0,336,144);(0,208,144);(0,144,144);(1,720,608);(1,528,48);(1,496,48);(1,720,576)
}

waypoints {
(416,576);(416,272);(368,144);(176,144);(128,272);(320,272);(416,512);(512,512);(512,672);(48,672);(48,416);(48,352);(128,352);(128,416);(128,576);(224,576);(224,416);(320,416);(320,576);(416,576);(608,416);(416,432);(608,320);(416,320);(320,320);(224,272);(224,320);(512,320);(512,416);(272,672);(320,480);(128,480);(224,480);(128,192);(224,192);(320,192);(416,192);(704,48);(704,144);(704,240);(704,528);(704,672);(640,672);(640,528);(640,576);(512,576);(544,320);(544,144);(544,240);(560,48);(624,144);(624,48);(624,240);(704,368)
}

guns {
(18,496,80);(17,432,144);(18,528,80);(18,688,576);(17,304,144);(17,240,144);(17,112,144);(18,720,320);(18,720,496);(18,272,400);(18,624,368);(17,272,336);(17,48,384);(17,176,592);(17,368,592);(17,400,688);(17,176,688);(17,624,688);(17,624,528);(17,720,416);(17,496,160)
}
