PRIMARY {
	150 30 15 -60 10 50 0
}
PRIMARY_FIRE {
	50 40 25 -60 0 65 0
	800 30 15 -60 10 50 0
}
PRIMARY_RELOAD {
	100 5 25 -50 -20 30 -30
	100 5 20 -55 -30 70 -50
	100 5 25 -60 10 100 -50
	100 5 25 -60 10 100 -50
	100 5 20 -60 -30 70 -50
	50 10 25 -60 -10 60 -50
	100 5 25 -60 -10 60 -50
	100 5 25 -60 -30 60 -50
	100 40 25 -60 0 45 0
	100 30 15 -60 10 50 0
}
SECONDARY {
	150 5 -10 -40 20 50 0
}
SECONDARY_FIRE {
	100 15 -10 -40 10 60 0
	900 20 0 -50 10 80 0
}
SECONDARY_RELOAD {
	100 -10 0 -50 -20 30 -30
	100 -10 10 -55 -30 70 -50
	100 -10 10 -60 10 100 -60
	100 -10 10 -60 10 100 -60
	100 -10 5 -60 -30 70 -60
	50 -5 10 -60 10 50 -60
	100 -10 10 -60 -10 60 -60
	100 -10 10 -60 -30 60 -60
	100 5 -10 -40 20 50 0
}
KNIFE {
	150 0 20 -40 -10 10 -100
}
KNIFE_SLASH {
	100 -15 -30 -50 -25 10 -110
	100 -30 -30 -50 -40 20 -110
	50 -35 -30 -30 -50 20 -70
	100 -40 20 20 -65 20 -40
	100 -40 20 20 -80 20 -40
	550 0 20 -40 -10 10 -100
}
GRENADE {
	150 0 20 -30 -20 30 60
}
GRENADE_PULLBACK {
	200 45 120 -10 0 20 60
}