28
0 40 300 0.0 0 0 0 1.2 0.0 0.0 0 2 KNIFE
1 10 100 0.30 20 4 2100 1.15 1.0 0.0 400 1 GLOCK
2 15 100 0.20 12 6 1900 1.15 1.0 0.0 500 1 USP
3 20 100 0.30 13 5 2000 1.15 1.0 0.0 600 1 P228
4 30 100 0.40 7 6 1600 1.15 1.0 0.0 650 1 DEAGLE
5 15 100 0.10 20 6 2200 1.15 1.0 0.0 750 1 FIVESEVEN
6 15 100 0.30 30 5 3800 1.15 1.0 0.0 1000 1 ELITE
7 18 1100 0.65 8 5 4000 1.0 1.0 0.0 1700 0 M3
8 18 250 0.50 7 5 2500 1.0 1.0 0.0 3000 0 XM1014
9 11 85 0.55 30 5 1600 1.05 1.0 0.0 1250 0 TMP
10 11 85 0.55 30 4 1850 1.05 1.0 0.0 1700 0 MAC10
11 15 90 0.40 30 5 1700 1.05 1.0 0.0 1500 0 MP5
12 20 100 0.35 25 5 1900 1.05 1.0 0.0 1400 0 UMP
13 12 70 0.40 50 3 1900 1.05 1.0 0.0 2350 0 P90
14 20 65 0.40 25 4 2000 1.0 1.0 0.0 2250 0 FAMAS
15 25 90 0.40 35 4 1900 1.0 1.0 0.0 2000 0 GALIL
16 70 1200 0.30 10 10 1500 1.2 2.0 0.30 2750 0 SCOUT
17 25 100 0.25 30 4 2100 1.0 1.0 0.0 3100 0 M4A1
18 30 100 0.35 30 4 2100 1.0 1.0 0.0 2500 0 AK47
19 25 95 0.30 30 4 2500 1.0 1.0 0.0 3500 0 AUG
20 25 95 0.30 30 4 2400 1.0 1.0 0.0 3500 0 SG552
21 70 250 0.60 30 4 2200 0.9 2.0 0.15 4200 0 SG550
22 70 300 0.60 20 5 3200 0.9 2.0 0.15 5000 0 G3SG1
23 100 1400 0.60 10 4 2300 0.85 2.0 0.15 4750 0 AWP
24 20 95 0.55 100 2 4200 0.85 1.0 0.0 5750 0 M249
25 0 1000 0.0 1 1 0 1.15 0.0 0.0 200 3 FLASHBANG
26 100 1000 0.0 1 1 0 1.15 0.0 0.0 300 3 HE-GRENADE
27 0 1000 0.0 1 1 0 1.15 0.0 0.0 300 3 SMOKE-GRENADE




quad damage delay spread clip #ofclips reloaddelay walkingspeed bulletspeed viewangle money type name