info {
bg:0;
}

tiles {
3,2,3,3,2,2,3,3,3,3,3,2,8,10,3,2,8,10,2,3,2,3,2,2,7,3,2,3,3,3
2,0,0,0,0,0,0,0,1,0,0,0,16,18,0,0,16,18,0,0,0,3,0,0,7,0,0,0,0,2
3,0,0,0,0,0,0,0,1,0,0,0,20,22,0,0,20,22,0,0,0,3,0,4,11,6,0,0,3,3
3,0,0,0,0,3,0,0,1,0,0,0,8,10,0,0,8,10,0,0,0,0,0,8,9,10,0,0,0,3
3,0,0,0,0,2,0,0,1,0,0,0,8,10,0,0,8,10,1,0,0,0,0,12,13,14,0,0,0,3
3,0,0,2,3,2,0,0,1,0,0,4,25,10,0,0,8,24,5,6,0,0,0,0,0,0,0,0,0,3
2,0,0,0,0,0,0,0,0,0,0,8,9,10,0,0,8,9,9,10,0,0,0,0,0,0,2,0,0,3
2,0,0,0,0,0,0,0,0,0,0,8,9,10,0,0,8,9,9,10,2,0,0,0,0,0,0,0,0,2
3,1,1,1,1,1,0,0,0,0,4,25,9,24,5,5,25,9,9,10,0,0,0,0,0,0,0,0,0,2
3,0,0,0,0,0,0,0,0,0,16,17,17,17,17,17,17,17,17,18,0,0,0,0,0,0,0,0,0,3
3,0,3,0,0,0,0,0,0,0,20,21,21,21,21,21,21,21,21,22,0,0,0,0,0,0,0,0,2,2
3,0,0,0,0,2,0,0,0,0,8,26,13,27,9,9,9,9,26,14,0,0,0,0,1,1,1,1,1,2
2,0,0,0,0,0,0,0,0,1,8,10,19,8,9,9,9,26,14,0,0,0,0,0,0,0,0,0,0,3
3,0,0,0,4,6,0,0,0,1,8,24,5,25,9,9,26,14,0,0,0,0,0,0,0,0,0,0,0,2
2,1,0,0,12,14,0,0,0,1,12,13,13,13,27,26,14,0,0,0,0,1,0,0,2,3,2,0,0,3
3,3,2,0,0,0,0,0,0,0,0,0,0,0,8,10,0,0,2,0,0,1,0,0,3,0,0,0,0,3
2,0,0,0,0,1,0,0,0,0,0,0,0,0,8,10,0,0,0,0,0,1,0,0,3,0,0,0,0,3
3,0,0,0,0,1,0,0,0,0,0,0,0,0,16,18,0,0,0,0,0,1,0,0,0,0,0,0,0,2
3,0,0,0,0,1,1,1,0,3,0,0,0,0,20,22,0,0,0,0,0,1,0,0,0,0,0,0,0,2
3,2,3,3,3,2,2,3,3,3,3,3,2,3,8,10,2,3,3,3,3,2,2,3,3,3,2,3,3,3
}

collision {
(32,256),(192,256),(192,288),(32,288),(32,448),(64,448),(64,480),(96,480),(96,512),(32,512),(32,608),(160,608),(160,512),(192,512),(192,576),(256,576),(256,608),(288,608),(288,576),(320,576),(320,608),(672,608),(672,448),(704,448),(704,608),(928,608),(928,384),(768,384),(768,352),(896,352),(896,320),(928,320),(928,96),(896,96),(896,64),(928,64),(928,32),(800,32),(800,64),(832,64),(832,160),(736,160),(736,64),(768,64),(768,32),(704,32),(704,96),(672,96),(672,32),(288,32),(288,192),(256,192),(256,32),(32,32),(32,256)
(192,96),(192,192),(96,192),(96,160),(160,160),(160,96),(192,96)
(448,96),(448,256),(512,256),(512,96),(576,96),(576,128),(608,128),(608,160),(640,160),(640,224),(672,224),(672,256),(640,256),(640,288),(320,288),(320,256),(352,256),(352,224),(352,160),(384,160),(384,96),(448,96)
(640,352),(640,384),(608,384),(608,416),(576,416),(576,448),(544,448),(544,480),(512,480),(512,544),(448,544),(448,480),(288,480),(288,384),(320,384),(320,352),(640,352)
(608,480),(608,512),(576,512),(576,480),(608,480)
(192,352),(192,384),(160,384),(160,352),(192,352)
(96,352),(64,352),(64,320),(96,320),(96,352)
(864,224),(864,192),(832,192),(832,224),(864,224)
(864,448),(864,480),(800,480),(800,544),(768,544),(768,448),(864,448)
(192,416),(192,480),(128,480),(128,416),(192,416)
}

spawns {
(0,832,512);(0,896,512);(0,896,576);(0,832,576);(1,128,64);(1,64,64);(1,64,128);(1,128,128)
}

waypoints {
(64,224);(224,64);(224,224);(352,64);(480,64);(640,64);(224,320);(224,544);(384,576);(640,576);(736,320);(736,576);(896,416);(736,416);(736,224);(896,224);(896,128);(640,128);(704,128);(704,224);(384,544);(640,416);(352,128);(320,128);(320,224);(480,320)
}

guns {
(11,128,64);(11,64,64);(11,64,128);(11,128,128);(18,64,96);(18,96,64);(18,96,128);(18,128,96);(17,864,512);(17,832,544);(17,864,576);(17,896,544);(24,832,512);(24,832,576);(24,896,576);(24,896,512);(23,480,224);(13,864,64);(13,64,576);(1,96,96);(2,864,544)
}
