info {
bg:5;
}

tiles {
5,5,5,5,5,5,5,5,5,5,5,5,5,5,5,5,5,5,5,5,5,5,5,5,5,5,5,5,5,5
5,1,0,0,0,0,0,0,0,2,5,5,0,0,0,0,0,0,0,0,0,0,2,5,1,0,0,0,2,5
5,0,0,0,0,0,0,0,0,0,2,5,0,0,0,0,0,0,0,0,0,0,0,0,0,0,0,0,0,5
5,0,0,0,0,0,0,0,0,0,0,0,0,0,0,0,0,0,0,0,0,0,0,0,0,0,0,0,0,5
5,3,0,0,0,0,0,0,0,0,0,0,0,0,0,0,0,0,0,0,0,0,4,5,3,11,11,0,0,5
5,5,5,5,5,5,0,0,0,0,6,6,6,6,0,0,0,0,5,5,5,5,5,5,1,11,0,0,0,5
5,0,0,0,0,0,0,0,0,0,0,0,0,0,0,0,0,0,5,5,5,5,5,5,0,0,0,0,4,5
5,0,0,0,0,0,0,0,0,0,0,0,4,5,5,3,0,0,2,5,5,5,5,5,0,0,0,4,5,5
5,0,0,0,0,4,5,5,5,3,0,0,2,5,2,5,3,0,0,0,0,0,2,5,0,0,4,5,5,5
5,0,0,0,4,5,5,5,5,5,3,0,0,1,0,5,5,3,0,0,6,0,0,0,0,0,5,5,5,5
5,0,0,5,5,5,5,5,5,5,5,3,0,0,4,5,5,5,3,0,0,0,0,0,0,0,2,5,5,5
5,0,0,5,12,13,14,5,5,5,5,5,0,0,5,5,5,5,5,3,0,0,0,5,0,0,0,2,5,5
5,0,0,5,5,5,5,5,5,5,5,5,0,0,5,5,5,5,5,1,0,0,0,5,0,0,0,4,5,5
5,0,0,5,5,5,5,5,5,5,5,1,0,0,5,5,5,5,1,0,0,0,0,0,0,0,4,5,5,5
5,0,0,0,2,5,5,5,5,5,1,0,0,0,2,5,5,1,0,0,6,0,0,0,0,0,5,5,5,5
5,0,0,0,0,2,5,5,5,1,0,0,0,0,0,0,0,0,0,0,0,0,4,5,0,0,2,5,5,5
5,0,0,0,0,0,0,0,0,0,0,0,0,0,0,0,0,0,4,5,5,5,5,5,0,0,0,2,5,5
5,0,0,0,0,0,0,0,0,0,0,0,0,0,0,0,0,0,5,5,5,5,5,5,0,0,0,0,2,5
5,5,5,5,5,5,0,0,0,0,6,6,6,6,0,0,0,0,5,5,5,5,5,5,3,11,0,0,0,5
5,1,0,0,0,0,0,0,0,0,0,0,0,0,0,0,0,0,0,0,0,0,2,5,1,11,11,0,0,5
5,0,0,0,0,0,0,0,0,0,0,0,0,0,0,0,0,0,0,0,0,0,0,0,0,0,0,0,0,5
5,0,0,0,0,0,0,0,0,0,0,5,3,0,0,0,0,0,0,0,0,0,0,0,0,0,0,0,0,5
5,3,0,0,0,0,0,0,0,0,0,5,5,3,0,0,0,0,0,0,0,0,4,5,3,0,0,0,4,5
5,5,5,5,5,5,5,5,5,5,5,5,5,5,5,5,5,5,5,5,5,5,5,5,5,5,5,5,5,5
}

collision {
(288,256),(384,352),(384,416),(288,512),(192,512),(128,448),(96,448),(96,320),(128,320),(192,256),(288,256)
(416,288),(384,256),(416,224),(480,224),(640,384),(544,480),(480,480),(448,448),(448,352),(480,320),(480,288),(448,256),(448,288),(416,320),(416,288)
(736,416),(768,416),(768,352),(736,352),(736,416)
(736,288),(704,256),(608,256),(576,224),(576,160),(704,160),(736,128),(768,128),(800,160),(768,192),(768,288),(736,288)
(800,192),(832,192),(832,160),(864,160),(864,128),(800,128),(800,192)
(768,480),(768,576),(800,608),(768,640),(736,640),(704,608),(576,608),(576,544),(608,512),(704,512),(736,480),(768,480)
(800,640),(864,640),(864,608),(832,608),(832,576),(800,576),(800,640)
(32,64),(32,128),(64,160),(192,160),(192,192),(32,192),(32,576),(192,576),(192,608),(64,608),(32,640),(32,704),(64,736),(352,736),(352,672),(384,672),(448,736),(704,736),(736,704),(768,704),(800,736),(896,736),(928,704),(928,576),(832,480),(832,448),(896,384),(832,320),(832,288),(928,192),(928,64),(896,32),(800,32),(768,64),(736,64),(704,32),(384,32),(384,96),(352,96),(288,32),(64,32),(32,64)
}

collisionPeople {
(448,160),(448,192),(320,192),(320,160),(448,160)
(448,576),(448,608),(320,608),(320,576),(448,576)
(672,448),(672,480),(640,480),(640,448),(672,448)
(672,288),(672,320),(640,320),(640,288),(672,288)
}

spawns {
(1,112,656);(1,176,656);(1,240,656);(1,304,656);(1,432,656);(1,496,656);(1,560,656);(1,624,656);(1,688,656);(0,112,112);(0,176,112);(0,240,112);(0,304,112);(0,432,112);(0,496,112);(0,560,112);(0,624,112);(0,688,112)
}

waypoints {
(128,240);(64,288);(64,480);(128,528);(256,544);(256,624);(112,624);(384,624);(512,624);(688,624);(752,656);(848,688);(912,656);(880,592);(848,384);(816,240);(880,176);(752,112);(848,80);(416,448);(416,352);(336,240);(256,208);(512,544);(576,496);(688,496);(656,416);(576,272);(528,208);(512,144);(384,144);(736,320);(656,352);(736,448);(112,144);(256,144);(816,528);(688,144);(384,544);(688,272);(800,384);(912,112)
}

guns {
(17,688,112);(17,624,112);(17,560,112);(17,496,112);(17,432,112);(17,304,112);(17,240,112);(17,176,112);(17,112,112);(18,688,656);(18,624,656);(18,560,656);(18,496,656);(18,432,656);(18,304,656);(18,240,656);(18,176,656);(18,112,656);(26,112,656);(26,176,656);(26,240,656);(26,304,656);(26,432,656);(26,496,656);(26,560,656);(26,624,656);(26,688,656);(26,688,112);(26,624,112);(26,560,112);(26,496,112);(26,432,112);(26,304,112);(26,240,112);(26,176,112);(26,112,112);(26,464,304);(26,864,384);(26,848,176);(26,848,592);(26,48,208);(26,48,560);(26,48,672);(26,48,96);(26,848,400);(26,912,688);(26,448,304);(26,64,640);(26,64,704);(26,64,64);(26,848,368);(26,448,320);(26,880,720);(26,896,704);(26,880,48);(26,896,64);(26,64,208);(26,48,224);(26,48,544);(26,64,560);(26,720,368);(26,720,384);(26,720,400);(26,320,720);(26,336,720);(26,336,704);(26,400,64);(26,400,48);(26,416,48);(26,64,128);(26,912,80);(26,352,560);(26,384,560);(26,416,560);(26,384,208);(26,352,208);(26,416,208);(25,784,208);(25,784,560);(25,192,48);(25,192,720);(25,560,48);(25,560,720);(25,80,384);(25,624,336);(25,624,432);(25,368,112);(25,368,656);(25,752,656);(25,752,112);(25,400,384);(27,432,384);(27,48,384);(27,656,272);(27,656,496);(27,752,688);(27,752,80);(27,368,624);(27,368,144);(27,784,384);(25,816,384)
}
