info {
bg:168;
}

tiles {
168,168,168,168,168,168,168,168,168,168,168,168,168,168,168,168,168,168,168,168,168,168,168,168,168,168,168
168,80,80,169,169,168,168,156,156,156,156,156,165,166,167,156,156,156,156,156,168,168,68,68,168,168,168
168,80,169,169,169,170,156,156,156,156,156,156,156,156,156,156,156,156,41,41,168,168,68,46,168,168,168
168,169,169,169,169,170,156,156,156,156,156,156,156,62,62,156,156,156,156,156,168,168,68,168,168,168,168
168,169,169,169,169,170,156,156,156,156,156,156,156,62,62,156,156,156,156,156,168,168,169,169,169,169,168
168,169,169,169,169,168,168,156,156,156,156,156,156,156,156,156,156,156,156,156,168,168,169,169,169,169,168
168,169,169,169,169,168,168,80,80,156,156,156,156,156,156,156,156,156,156,156,168,168,169,169,169,169,168
168,58,169,169,169,168,168,156,156,156,156,156,156,156,156,156,156,156,156,156,168,168,58,169,169,169,168
168,58,169,169,169,168,168,163,164,156,156,156,162,163,164,156,156,156,162,163,168,168,58,169,169,169,168
168,58,169,169,169,168,168,158,161,158,158,158,159,160,161,158,158,158,159,158,168,168,58,169,169,169,168
168,58,169,169,169,168,168,166,167,156,156,156,165,166,167,32,32,156,165,166,168,168,58,169,169,169,168
168,58,169,169,169,168,168,156,156,156,156,156,156,156,156,32,32,156,156,156,168,168,58,169,169,169,168
168,169,169,169,169,168,168,156,156,156,156,156,156,156,156,156,156,156,156,156,168,168,169,169,169,169,168
168,169,169,169,169,168,168,156,156,156,156,156,156,156,156,156,156,156,156,156,168,168,169,169,169,169,168
168,169,169,77,77,168,168,156,156,156,71,71,156,156,156,156,156,156,156,156,156,170,169,169,169,169,168
168,68,168,168,168,168,168,156,156,156,71,71,156,156,156,156,156,156,156,156,156,170,169,169,169,169,168
168,68,68,168,168,168,168,156,156,156,156,156,156,156,156,156,156,156,156,156,156,170,169,169,169,80,168
168,68,46,168,168,168,168,156,156,156,156,156,162,163,164,156,156,156,156,156,168,168,169,169,80,80,168
168,168,168,168,168,168,168,168,168,168,168,168,168,168,168,168,168,168,168,168,168,168,168,168,168,168,168
}

collision {
(32,576),(64,576),(32,576)
(32,384),(32,576),(32,384)
(64,384),(32,384),(64,384)
(64,224),(64,384),(64,224)
(32,224),(64,224),(32,224)
(32,96),(32,224),(32,96)
(64,96),(32,96),(64,96)
(64,64),(64,96),(64,64)
(96,64),(64,64),(96,64)
(96,32),(96,64),(96,32)
(160,32),(96,32),(160,32)
(160,64),(160,32),(160,64)
(224,64),(160,64),(224,64)
(224,32),(224,64),(224,32)
(640,32),(224,32),(640,32)
(640,64),(640,32),(640,64)
(576,64),(640,64),(576,64)
(576,96),(576,64),(576,96)
(640,96),(576,96),(640,96)
(640,448),(640,96),(640,448)
(704,448),(640,448),(704,448)
(704,384),(704,448),(704,384)
(736,384),(704,384),(736,384)
(736,224),(736,384),(736,224)
(704,224),(736,224),(704,224)
(704,32),(704,224),(704,32)
(768,32),(704,32),(768,32)
(768,64),(768,32),(768,64)
(736,64),(768,64),(736,64)
(736,128),(736,64),(736,128)
(832,128),(736,128),(832,128)
(832,512),(832,128),(832,512)
(800,512),(832,512),(800,512)
(800,544),(800,512),(800,544)
(768,544),(800,544),(768,544)
(768,576),(768,544),(768,576)
(704,576),(768,576),(704,576)
(704,544),(704,576),(704,544)
(640,544),(704,544),(640,544)
(640,576),(640,544),(640,576)
(224,576),(640,576),(224,576)
(224,224),(224,576),(224,224)
(288,224),(224,224),(288,224)
(288,192),(288,224),(288,192)
(224,192),(288,192),(224,192)
(224,160),(224,192),(224,160)
(160,160),(224,160),(160,160)
(160,480),(160,160),(160,480)
(64,480),(160,480),(64,480)
(64,512),(64,480),(64,512)
(96,512),(64,512),(96,512)
(96,544),(96,512),(96,544)
(64,544),(96,544),(64,544)
(64,576),(64,544),(64,576)
(384,448),(320,448),(384,448)
(384,512),(384,448),(384,512)
(320,512),(384,512),(320,512)
(320,448),(320,512),(320,448)
(544,384),(480,384),(544,384)
(544,320),(544,384),(544,320)
(480,320),(544,320),(480,320)
(480,384),(480,320),(480,384)
(480,96),(416,96),(480,96)
(480,160),(480,96),(480,160)
(416,160),(480,160),(416,160)
(416,96),(416,160),(416,96)
}

spawns {
(0,64,448);(0,80,256);(0,128,256);(0,80,352);(0,128,352);(1,800,256);(1,752,336);(1,800,336);(1,752,416);(1,800,416);(1,752,256)
}

waypoints {
(112,384);(112,384);(96,128);(192,112);(384,64);(512,64);(560,224);(592,352);(352,288);(272,432);(272,544);(448,544);(528,480);(672,496);(752,496);(784,464);(784,288);(368,192)
}

guns {
(13,64,448);(19,128,352);(16,80,352);(23,752,416);(18,800,416);(11,752,336);(15,800,336);(8,800,256);(2,80,528);(4,752,48);(7,752,256);(12,128,256);(17,80,256)
}
