info {
bg:8;
}

tiles {
35,0,0,0,1,2,3,2,0,0,0,0,35,1,2,3,2,0,0,0
35,0,36,7,9,13,9,9,9,10,2,1,38,9,13,9,9,10,11,0
0,1,38,9,9,22,22,9,9,13,9,9,9,9,9,9,9,9,9,23
36,7,9,9,9,9,16,16,9,9,78,79,9,9,9,9,9,9,9,45
7,9,9,74,75,22,22,19,19,19,80,81,16,16,9,9,82,83,9,9
16,22,9,76,77,22,22,22,9,9,19,19,13,22,13,9,84,85,9,9
16,22,9,9,9,9,9,9,9,9,9,9,9,9,22,9,9,9,22,9
48,49,50,51,52,64,65,50,51,52,49,50,51,64,65,48,49,48,50,49
58,58,59,62,58,68,69,59,58,62,58,59,58,66,67,62,62,58,59,62
60,60,61,62,62,70,71,61,62,62,60,61,62,68,69,60,62,62,60,61
53,54,55,56,57,72,73,55,56,54,53,55,56,72,73,54,56,54,54,55
22,9,22,9,13,22,9,22,22,22,9,9,9,9,27,27,9,9,9,9
9,78,79,9,13,13,22,22,22,22,13,9,9,9,74,75,9,9,13,44
9,80,81,9,13,22,9,82,83,13,13,9,9,9,76,77,9,9,13,17
9,9,9,9,9,9,9,84,85,13,22,9,9,13,9,9,9,44,33,5
39,9,9,13,13,9,9,9,9,9,14,32,25,9,22,9,28,29,5,35
0,25,9,9,13,14,33,32,32,33,0,0,0,31,32,33,34,0,35,35
35,24,33,32,34,30,0,35,0,35,0,0,35,0,35,35,0,0,35,0
}

collision {
(0,480),(16,480),(32,512),(64,544),(160,544),(192,512),(304,512),(352,480),(384,480),(432,512),(480,512),(544,496),(560,464),(592,448),(624,416),(624,400),(640,384),(640,128),(624,112),(608,80),(528,32),(432,32),(400,64),(320,64),(288,32),(128,32),(112,64),(96,64),(96,80),(64,96),(64,112),(32,128),(16,160),(0,160),(0,480)
(128,184),(160,176),(160,160),(136,136),(120,136),(104,152),(104,176),(112,184),(128,184)
(320,120),(344,104),(360,104),(376,112),(384,128),(384,144),(368,160),(344,160),(320,144),(320,120)
(32,408),(32,432),(56,448),(72,448),(96,432),(96,416),(88,400),(72,392),(56,392),(32,408)
(520,144),(536,136),(560,144),(576,160),(568,176),(544,176),(512,160),(520,144)
(464,440),(480,440),(512,432),(512,416),(488,392),(472,392),(456,408),(456,432),(464,440)
(232,432),(248,424),(272,432),(288,448),(280,464),(256,464),(224,448),(232,432)
}

collisionPeople {
(0,352),(160,352),(160,224),(0,224),(0,352)
(640,224),(640,352),(480,352),(480,224),(640,224)
(416,224),(416,352),(224,352),(224,224),(416,224)
}

spawns {
(0,576,128);(0,544,112);(0,112,112);(0,144,112);(0,368,80);(1,256,480);(1,48,464);(1,80,464);(1,480,464);(1,512,464)
}

waypoints {
(128,112);(352,80);(560,128);(240,128);(448,128);(192,208);(320,368);(368,448);(192,368);(64,480);(256,480);(496,464);(448,208);(448,368)
}

guns {
(17,576,128);(17,544,112);(17,144,112);(17,112,112);(18,512,464);(18,256,480);(18,80,464);(18,48,464);(18,480,464);(17,368,80);(23,448,288);(23,192,288);(24,192,320);(24,448,256);(11,192,256);(11,448,320)
}
